DOFS 5
NODES 469
0 1.57 0.78 1.57 0.78 1.57
1 0.392 2.35 3.14 2.82 4.71
2 1.13257 2.14564 2.11327 3.13647 1.35349
8 0.974956 2.04472 2.64184 1.5688 0.520172
9 0.853737 2.68316 0.918533 2.92123 0.0939839
10 0.750966 0.314216 1.34603 2.08755 2.32401
15 0.272907 0.385951 2.22296 2.81361 1.78776
20 0.198451 1.85558 2.12299 3.09278 3.00997
21 1.66279 1.84626 1.87649 2.36633 3.14045
24 0.184245 0.670614 2.3228 1.89955 0.0242248
25 1.83695 2.66798 0.999727 1.28854 2.97217
27 0.0351136 2.65431 0.245594 1.91161 1.87904
28 0.244447 0.914841 1.9013 2.28845 2.02005
29 0.925519 0.662549 1.3708 2.00133 1.6463
31 0.821715 0.691163 0.572659 1.82145 1.9797
34 0.0344036 0.93939 1.91212 0.416277 1.70842
36 0.875675 1.83438 2.5926 1.67317 2.20802
37 0.497283 0.975455 1.37976 1.06994 1.27748
39 0.6101 2.61449 2.751 1.90705 0.167843
40 0.606686 0.422032 2.7294 0.999378 0.838309
43 0.39661 2.53542 1.11379 1.77637 2.08594
49 0.979888 2.13044 2.18003 2.09368 0.765217
50 1.12437 2.96552 1.24003 0.0224812 1.14379
54 0.797173 1.99273 2.60982 0.119308 0.584971
57 1.12174 0.900783 1.98678 2.67607 0.815938
58 0.56511 1.78425 1.59511 0.403544 0.490456
60 0.0781 2.04407 1.42227 2.68792 2.16338
63 1.87285 1.47744 1.56658 2.34021 2.63408
65 1.7672 2.14272 1.14931 1.50296 1.76745
71 0.379674 1.72665 2.94775 1.52899 0.088018
72 1.57361 2.10784 1.66908 2.34628 2.58953
77 1.81905 2.6756 1.14066 1.6252 2.68517
83 0.0495492 1.12978 2.05689 2.81238 2.75498
84 1.60047 1.00221 2.91495 0.213028 0.861111
86 1.36322 1.2689 1.23628 0.320329 1.30766
88 1.07018 2.52769 1.17424 1.70572 0.216252
91 0.250526 3.11512 1.18002 2.35033 0.719682
93 1.77682 1.69157 0.76003 1.76874 2.8837
94 1.81005 1.31949 0.750369 2.98429 3.02521
96 0.128843 1.8554 2.45977 1.14043 1.17149
98 0.34528 1.3362 1.27438 2.33386 0.503987
99 0.64724 2.59125 0.676127 3.02944 1.21839
101 0.90208 2.23797 1.93882 2.64372 1.51177
102 0.185703 1.25313 1.84774 2.64548 0.874136
103 1.49981 1.72855 0.745663 1.12541 1.99166
107 0.315614 1.73213 2.35783 2.25443 2.85642
109 0.322676 1.03672 2.15315 1.06834 2.16213
110 1.00322 0.894267 2.11339 2.81166 0.47515
111 1.25693 0.463064 0.703274 1.47229 1.93219
114 0.522032 0.947555 1.5656 1.59274 0.484459
117 1.31432 0.873174 0.618677 2.0176 2.34546
118 1.03144 1.31742 2.10991 0.292727 2.53386
119 1.18499 1.1933 2.44374 0.472769 2.93227
120 1.56921 2.61697 0.738227 3.13481 1.06812
121 1.22269 0.463991 1.46411 1.22444 1.46574
126 0.475455 0.980717 0.144218 2.83585 2.59611
128 1.38425 2.4633 0.868679 0.193953 1.5699
130 1.28776 1.40781 1.18635 0.382687 1.93832
131 0.677833 0.389306 2.13439 1.36262 2.94241
134 1.65455 1.64154 3.11909 2.52323 1.8355
135 0.0279759 0.113286 1.09751 2.0188 1.58108
136 1.56568 0.164965 2.98889 2.75203 0.547652
137 1.78561 0.288269 2.55913 0.778405 0.13146
140 0.503192 1.63073 0.718093 2.10286 2.63453
141 1.03417 0.61141 2.74782 2.13167 2.63021
142 1.18731 0.555757 1.27575 1.03461 1.78836
143 0.303984 2.82022 2.07663 1.34368 2.0792
144 0.688662 2.1842 2.62198 2.76094 0.767409
148 0.965832 2.18122 1.68622 2.24159 0.0742296
149 0.332981 1.02614 1.37502 0.890186 2.36983
151 0.660429 1.34696 3.00546 1.86926 2.64555
152 0.025139 2.15464 1.40849 1.91988 1.63868
157 1.37665 0.0668876 1.78744 1.24052 1.93614
159 1.06845 1.93533 1.83209 0.186488 2.54524
161 1.86061 1.94581 3.01523 2.14581 0.555735
162 1.5121 0.0370834 2.72262 0.0683893 2.58513
166 1.16429 2.84428 1.04684 2.24642 1.37475
167 1.79437 2.58761 1.80115 1.66802 1.59183
173 1.16372 0.912026 2.40036 1.44544 1.06062
175 1.30879 0.615862 1.72472 2.96349 2.92366
177 0.467299 1.54204 2.05162 2.58727 2.6051
179 1.60635 0.0517232 0.790506 2.48729 1.49716
180 1.85112 1.81846 2.26064 1.43084 1.25912
181 0.301009 2.73963 1.87498 0.506299 2.56153
182 1.65705 1.64662 2.16541 2.15465 0.744645
183 0.84146 1.10252 2.28669 1.37366 2.17037
184 0.230769 1.99213 1.30904 0.402202 2.39956
186 0.909601 0.687553 1.65328 0.028645 2.11839
189 1.81054 2.62381 0.379574 0.955638 2.47804
192 0.393139 0.908593 1.42889 2.04642 2.55941
195 0.0679589 0.421017 3.10637 0.447532 2.99883
199 0.125067 2.22073 1.36966 3.11687 1.304
200 0.274409 2.28361 1.52364 1.06532 2.51626
202 1.27508 2.89437 0.0200214 0.799303 2.00474
205 0.744463 0.915972 3.03789 0.5947 0.891254
206 1.2003 2.49128 0.0332757 1.20451 0.415008
207 1.03011 1.69129 0.0288618 2.44796 2.14284
212 0.481198 2.16579 2.98758 2.13664 0.228711
215 1.39648 2.15893 3.12436 1.75326 1.58052
217 1.27915 2.45118 1.71321 0.869093 0.275075
219 1.15015 2.41925 1.99267 1.55073 1.18968
221 0.746251 1.21698 1.37007 0.729019 2.97024
223 1.35862 0.654469 1.13386 3.07183 1.52356
224 1.40894 0.620326 1.35443 2.33038 1.15641
225 1.80252 0.33894 0.434064 2.27577 0.370246
226 0.104323 2.08054 2.94497 0.257441 0.278876
228 1.42724 1.81574 2.175 2.49368 2.71049
230 0.227508 1.88105 1.36401 0.0625146 2.69201
233 0.319776 2.32182 2.90327 0.296205 2.7064
234 1.59713 0.204024 1.38055 0.630536 2.6977
238 1.49371 2.22682 1.7917 1.53461 2.39254
242 1.53204 1.77138 0.16849 0.815152 2.62648
246 1.66477 2.76515 1.49349 0.980544 2.24441
255 0.715982 1.78136 1.99422 1.65506 0.43365
257 1.06547 1.23002 1.35227 2.24479 0.101593
260 1.08285 0.845751 1.98279 2.13061 2.27696
264 1.0374 1.93245 0.649132 1.67534 0.116148
268 1.48565 0.383243 2.07803 0.875298 2.5156
269 1.78382 1.55064 1.05241 2.71962 0.436669
270 0.314583 2.2376 0.849697 2.58588 0.771346
272 1.0116 2.24035 2.1714 3.03121 1.91078
276 0.782646 1.09896 2.71194 0.112921 0.543247
280 0.683284 2.74825 2.61969 1.04124 0.238569
283 0.263677 0.00181584 2.31866 1.50628 1.90616
284 1.76971 2.07203 0.161088 1.94169 1.6676
285 1.44723 0.882857 0.713563 2.1558 0.416204
288 1.75557 3.00551 1.28894 1.476 1.04347
290 1.43202 1.85343 2.17639 0.0736861 2.2757
293 1.17682 0.820204 1.2104 1.27207 2.21651
296 0.167249 2.56236 2.67177 0.824222 2.63605
297 1.80588 1.62937 1.01537 1.82284 0.00648425
298 0.0310609 0.736584 2.38013 0.36641 1.29536
300 1.19048 3.1113 1.28468 0.129314 1.31708
301 1.12731 1.73379 0.429528 1.1902 2.86413
303 0.259926 0.961758 0.772191 2.89746 1.26517
306 1.57578 0.422717 1.94617 1.34104 2.1742
307 1.74383 0.948927 2.38856 2.17336 2.13913
310 0.143024 2.77359 1.15988 2.24753 2.79081
311 1.41597 2.50579 1.61166 0.176441 0.115865
312 0.446527 1.75222 2.16075 2.3927 1.57383
313 1.19336 2.61711 2.52276 2.0625 1.64888
318 0.695822 1.87406 0.561651 1.33715 2.74734
321 0.211545 2.606 2.13804 1.07618 1.32846
326 0.407414 0.918416 0.460177 2.99357 0.538221
329 1.73991 1.62081 1.90013 2.32036 0.571613
332 1.06927 2.1876 1.58704 1.52945 2.03958
333 0.605831 2.44634 0.583686 0.608467 0.840241
334 0.203968 2.04231 0.387409 3.13801 2.15067
335 1.15175 1.73633 0.629886 3.05188 2.53727
336 1.2015 1.23215 2.62534 3.04191 0.810961
337 1.14552 1.20507 2.91347 1.75272 2.98526
340 1.45757 1.81966 0.725868 1.84498 1.81608
342 1.42867 1.66908 1.10033 2.53459 1.5694
344 1.09872 0.706981 0.452207 1.61057 2.83726
346 1.11534 2.11479 2.93635 0.321781 2.44035
347 0.0914141 1.6789 2.29549 2.1244 0.524307
350 1.21755 1.45553 3.00715 1.66975 3.06609
361 0.401433 0.0672741 1.88277 1.78326 0.448349
362 1.46819 2.32365 2.04697 0.989715 2.72961
364 0.0986963 0.71907 2.17074 2.23111 2.01236
365 0.607402 0.0937797 2.52777 2.71674 1.54604
367 0.444331 1.56 3.01977 2.3271 0.201662
368 0.326528 2.27587 2.52532 0.854073 1.74616
371 0.55014 1.43392 1.15601 3.07792 1.00907
379 1.15084 1.94389 2.08833 0.666674 2.42375
381 0.332315 1.15533 0.802683 1.98175 1.40364
382 0.749656 1.44991 0.307725 2.66934 2.59743
387 1.5919 1.91001 1.60216 0.875157 2.37234
388 1.48638 1.62482 0.680657 1.7941 2.77473
389 1.75867 1.83243 2.14281 1.39276 1.51586
390 0.987795 2.76358 0.231287 0.492322 1.04623
392 0.579907 0.638007 2.66783 2.68642 2.21571
394 1.83704 0.0227514 0.597848 0.998279 1.81686
397 0.15691 1.12708 1.96369 0.636641 2.00084
399 0.193538 2.31738 0.481418 1.28041 0.853756
401 1.17394 0.386036 2.21166 0.162207 2.86258
402 1.70035 2.28851 1.6659 0.811024 1.5045
404 1.49083 2.49898 1.40444 2.61025 1.7017
405 0.749135 1.28436 2.49966 1.23055 2.56477
406 0.211822 2.30717 1.0212 2.7105 2.46222
407 0.475917 0.742842 1.32883 2.68758 0.905052
408 1.04981 2.8685 0.0519651 2.71572 0.537935
409 1.55646 0.53567 1.60861 2.66862 0.319308
410 0.17434 2.64002 1.29886 0.0593604 2.10868
411 1.48114 0.808495 1.87362 0.839207 0.519626
413 0.627998 1.27449 2.98495 1.95683 2.44264
415 1.18806 0.940153 0.0775848 2.79668 0.467177
417 0.554856 0.138048 2.31945 0.909048 2.59943
419 1.23155 1.63286 1.24006 1.0749 0.448089
420 0.541114 1.92605 1.9353 2.71067 2.82917
423 0.233178 1.71812 2.57431 2.55263 2.62717
425 0.137564 2.25313 0.226807 1.37763 1.80861
427 0.280651 2.67074 0.725538 2.53055 1.18669
430 1.43414 2.48123 1.95981 0.086708 1.98339
431 0.553759 1.84644 1.09493 2.40274 1.70465
435 0.841692 1.64738 2.57489 2.79026 0.577045
436 0.662411 1.08281 1.53885 2.62222 2.79169
437 0.380654 1.65656 1.49654 3.09775 2.53987
438 0.0595897 1.34027 2.57865 2.16356 1.69529
439 0.669363 1.09433 2.4337 1.43081 0.750636
441 0.884836 0.97516 0.996315 1.9403 0.623826
442 1.57336 2.60271 0.187211 1.59279 0.563913
444 0.0993183 1.39343 1.75045 2.67797 2.03756
449 0.680277 2.49761 1.17833 1.38132 2.31203
450 1.58851 1.48064 2.18603 1.81953 1.01702
451 1.082 0.604257 2.84493 1.07229 1.82268
455 0.536703 1.3296 1.97353 0.195608 2.71092
459 0.76041 2.60658 1.64412 2.26029 3.12953
462 1.19992 2.43581 1.51223 2.24988 1.10479
463 0.454865 2.79744 0.85576 0.00175301 3.04834
464 1.67903 2.99349 1.49753 1.27667 2.26537
465 1.74384 2.03708 0.21093 0.24637 2.77795
466 1.82103 0.949207 2.42961 0.143998 1.46444
470 1.19313 2.27126 0.92366 1.17124 0.40634
471 0.047438 2.91508 0.923999 1.88054 1.64202
474 1.12592 0.911191 0.140351 2.8992 3.04576
476 0.42376 2.73098 0.838136 1.34742 2.38279
479 1.60324 2.84808 0.803381 1.87226 1.61752
480 0.0436556 1.47876 1.00928 1.80617 2.85853
485 1.6683 0.0928309 0.699121 2.47168 0.445669
486 0.797214 0.995907 1.92443 1.8065 1.28266
487 1.64137 1.20052 0.198696 2.47455 1.56871
490 1.27169 2.79123 0.89072 0.157296 1.28083
492 1.81933 1.86026 2.25433 2.22434 2.14733
496 1.02437 1.41733 2.74749 0.395668 1.57462
498 1.61979 2.56029 0.644052 2.35469 1.64304
500 1.00756 0.317081 0.238054 3.04201 3.03603
501 0.969404 1.00883 2.55514 0.264428 2.67388
505 0.145701 0.10502 1.9103 2.61561 0.0638152
510 0.327825 3.04379 1.04926 1.97208 0.357428
511 1.72891 2.11778 0.462449 0.497619 1.59179
514 0.327574 0.313757 1.9632 0.848346 2.28923
515 0.203066 0.0147372 2.12793 3.0691 0.208508
516 1.81339 1.8775 1.73288 2.86265 0.707986
519 0.91667 1.34916 2.43806 2.11501 2.25923
521 1.82337 2.7451 0.266822 2.43187 1.15318
522 0.475332 1.10367 3.03069 0.688785 2.4469
523 0.597085 2.77909 2.37744 1.90342 0.670831
524 1.28619 0.140533 0.711002 1.49148 2.07318
525 1.76108 0.888728 0.280745 1.05755 1.48432
526 1.02055 0.0142126 2.40748 2.07411 2.55624
528 1.79351 0.260133 2.77201 1.6826 2.57109
530 1.36 1.07993 1.2848 2.071 1.05198
531 1.83855 2.31266 0.421288 2.1193 0.228617
533 1.27965 2.31164 2.931 1.91997 2.09644
538 0.747639 2.85975 0.180626 2.61264 2.51183
546 1.50537 2.45189 0.0254312 1.70907 0.886931
547 0.0554617 1.12842 2.83295 0.109371 2.04309
550 1.57739 2.55616 1.22446 2.13495 2.28043
554 1.2848 0.0765041 2.67907 2.22114 0.187475
558 1.66463 1.94575 1.41429 0.0890767 2.75418
562 0.318803 1.22918 2.89158 1.12385 1.19047
563 0.237727 1.06775 1.97967 2.78822 2.2305
565 0.647247 1.75119 0.903528 2.74589 0.623235
567 1.53591 0.00614181 2.31025 0.566966 2.60125
569 0.359885 2.27846 3.07738 0.820125 0.405661
571 0.0784047 0.809347 2.46261 2.6041 2.03581
573 0.77833 0.740825 0.114345 3.08858 1.30779
574 1.19617 0.615564 2.19356 1.88501 2.6563
577 0.744853 2.57747 2.82117 1.68804 2.03998
578 1.71539 0.112871 2.53412 0.246973 0.837212
580 1.36641 2.43341 0.068427 0.418382 2.79899
581 1.2053 1.58272 2.00503 2.99846 2.68284
583 0.158471 2.91222 0.849044 2.97964 1.45867
585 0.889328 1.88501 1.3063 0.947944 3.12225
586 0.759163 2.31435 2.41407 2.44976 1.21331
587 0.552034 0.513465 2.79604 2.55706 1.9925
588 0.817867 1.44667 1.00935 0.58668 1.99187
589 0.903098 2.36732 1.7625 0.232717 0.685945
590 1.70175 1.60231 0.719965 1.75386 0.845007
594 0.425029 1.41068 0.358484 3.05655 0.477934
595 0.830932 0.818055 1.32583 1.07401 2.67294
599 1.05048 0.585923 1.19898 2.62459 2.80091
600 0.110795 3.04962 1.06999 0.469279 1.44516
601 0.0285037 2.92238 0.743788 1.35433 0.854799
602 0.275138 0.224514 2.11114 3.03096 1.43683
604 0.57351 2.99737 0.0130376 0.666084 2.64493
605 1.71569 0.197138 1.71142 2.91467 2.82173
606 1.37074 1.50604 1.21034 0.921307 1.97532
609 0.926635 2.14351 0.770821 1.53789 0.454623
610 1.1671 0.59197 0.310402 2.80231 2.88022
613 0.0725676 1.96232 1.83091 0.309249 0.700588
615 0.136201 1.51264 2.18859 2.52919 3.05053
617 1.8617 1.35067 0.175147 0.27805 1.45915
618 1.42738 1.51613 2.93837 2.66622 0.82295
619 0.677871 2.73879 2.78527 0.989354 3.04804
620 0.344265 2.08555 1.40992 0.0582608 2.67156
626 1.39395 1.4637 0.0973265 2.80387 0.00253527
627 1.24946 2.6367 1.81917 2.29207 3.1387
628 1.50397 0.204772 1.6229 1.84622 0.240545
629 1.5413 2.50663 0.618602 2.81037 0.200603
630 1.2747 0.877569 0.944118 1.92751 1.88314
632 0.0589237 0.952122 2.84481 1.77842 0.614401
634 0.209368 1.50946 0.863715 1.83227 0.214087
636 1.4019 1.47814 2.40049 0.826591 1.88623
639 1.74686 1.31581 0.251802 1.95912 1.3213
644 1.09671 2.80143 0.130269 0.607003 1.2699
647 1.16021 0.563341 1.95873 2.3541 1.77064
649 0.115768 2.37293 0.636867 2.65431 0.125921
652 1.80559 1.47068 0.859229 2.10663 0.508586
655 0.408369 2.77991 1.99384 1.04524 0.773196
656 0.600336 1.70586 1.38262 2.00826 0.977327
658 1.4649 1.89724 0.578838 0.804703 2.48444
659 1.08742 0.641193 2.71243 0.63993 0.91699
664 0.370981 2.16916 1.89273 0.94982 2.97387
665 1.23558 0.517822 2.09564 0.806419 1.15775
667 0.0481763 2.74003 0.988461 1.27486 1.36918
669 1.83641 0.0403726 1.90007 1.57981 0.744639
670 0.2734 0.431363 1.39438 2.16613 1.38119
672 0.0179102 1.6739 0.987038 0.0998869 1.59818
674 1.04637 1.95881 1.65881 0.125601 2.14225
678 1.72417 1.19359 1.32519 1.19179 1.29348
681 0.953373 0.581182 2.6957 1.61657 3.09743
682 0.0570733 1.50498 2.7455 2.51083 2.78776
692 1.1077 1.21441 2.59303 1.15252 2.72787
694 1.57824 0.350586 1.03116 2.50561 0.993466
696 1.01071 0.665666 1.53603 1.14472 3.04885
698 0.371977 3.07178 1.3359 2.96501 1.08272
700 0.513635 3.13686 1.06118 0.0253715 0.981446
705 1.0002 0.617508 2.32122 0.872351 0.656697
707 0.113983 1.48662 2.4323 2.75789 0.415271
709 1.54147 3.00452 0.988436 1.1961 0.589774
715 1.30507 0.352386 1.98352 2.2935 1.54848
717 1.66881 2.4172 1.18932 2.95387 1.16881
719 1.02605 2.82844 0.977736 2.20865 1.60455
725 0.844306 0.054981 0.579863 1.82204 2.26364
728 1.48278 0.570545 1.2688 0.77286 3.05128
729 1.56209 0.981031 0.917656 2.6504 0.8591
730 0.218473 0.246514 3.07008 2.89548 0.794867
732 1.59406 2.06634 3.08848 1.38104 1.20187
733 0.737269 0.643876 0.928529 1.53819 1.35712
734 0.0882411 3.02097 1.92767 2.97921 0.652235
735 1.83736 1.39971 0.113842 1.23559 0.908517
738 1.29028 2.97713 2.15177 2.85933 1.21658
739 1.83422 0.455009 1.86046 2.76275 0.473771
743 1.76366 2.12681 1.78042 2.15313 0.368289
744 1.86585 0.301816 0.203827 2.4982 0.0195533
745 1.42041 1.19083 2.09673 1.76144 2.43416
747 1.79332 0.890186 1.6044 2.8428 2.11216
752 1.77313 2.2618 1.75171 0.877846 2.1466
754 0.487924 1.62004 2.61488 1.75615 2.67631
755 1.30939 1.4597 2.35465 2.13072 3.04641
756 1.04452 1.69816 0.215787 1.65838 3.0916
759 1.83321 0.803346 3.12781 1.7284 0.300666
760 0.941906 0.696896 1.92071 0.415196 2.45304
764 0.151877 1.72619 2.82059 2.98008 1.49502
765 0.135632 1.67169 2.29836 1.74402 1.88067
766 1.07961 2.68592 2.57757 1.48089 1.5817
767 0.369593 1.41689 1.78686 2.76291 0.565952
768 0.981154 1.91946 2.3817 0.354183 1.29179
769 1.1948 1.29939 0.650228 2.40245 0.347444
770 0.853175 1.0349 2.07363 2.15434 0.873388
776 0.709767 2.4896 0.402315 2.7834 1.50234
777 1.2757 0.171613 2.27289 2.30136 2.99978
778 0.126433 0.546675 2.24654 2.18533 2.88898
780 1.75365 1.54605 0.64009 2.96747 1.97723
782 1.4512 0.775113 1.79649 1.85351 2.03909
783 0.157243 1.6098 2.2107 0.910707 2.39174
784 0.549471 1.03714 2.93841 2.79601 1.70304
785 1.16637 2.62861 1.34853 0.586799 1.46417
786 1.76044 0.821024 1.4908 0.881113 0.646904
788 0.765876 0.822569 3.04676 2.56237 2.67609
789 0.424831 1.20019 2.76646 2.63554 2.1109
790 0.497176 1.66558 1.62861 1.91616 1.32
791 0.190066 1.56311 2.4292 0.0191669 2.1499
793 0.578983 1.15232 0.20601 2.03796 2.04312
795 0.880758 1.28824 1.90538 2.12779 2.40435
796 0.874689 2.62497 0.928337 0.983878 3.0217
798 0.451529 2.39046 3.07547 0.38361 1.59418
799 1.07518 0.962593 2.7465 2.90336 3.00055
800 1.64803 2.23942 1.14337 2.99429 1.5834
801 1.84857 0.733458 2.87164 0.612356 1.34182
804 0.279709 1.08063 0.0181835 1.83575 1.46424
805 1.61237 1.39151 0.907411 1.21728 1.15327
808 0.235013 0.660083 1.40219 2.68238 0.683959
814 0.0410857 2.06555 1.39694 1.44328 1.60634
816 1.31095 2.4794 2.39898 1.8501 1.45931
820 0.163718 1.00117 3.11131 1.56066 0.92502
821 0.0566335 2.12215 1.68314 2.01181 0.876046
822 0.739949 1.80334 1.83602 1.6195 0.511844
824 0.288163 0.091546 1.74316 3.02976 2.65262
825 0.581012 2.13898 0.348425 0.00786969 3.09907
826 1.39419 0.171591 0.958644 2.98608 0.21283
828 1.6916 2.78733 0.677422 0.386023 2.88741
831 1.03374 0.462565 1.79221 1.38217 0.470438
832 1.74969 1.25693 2.2642 1.18891 2.72359
838 1.66797 1.03882 1.59249 2.41274 2.22773
840 1.09823 0.739716 0.702887 2.82508 3.01867
841 1.41207 2.67558 0.203713 2.76376 2.249
842 1.52667 2.30229 1.48024 2.51195 0.221935
845 1.04513 2.3806 1.43899 0.164996 3.14094
849 0.00238133 1.86687 0.309089 2.3193 2.138
853 0.530631 0.693752 1.2228 1.11408 1.61636
854 0.220376 2.4271 0.924049 1.52025 0.559339
855 1.22427 0.00320442 0.90678 1.53336 2.3225
856 1.52536 2.76262 1.11383 0.94145 2.80928
857 1.11127 0.0483617 2.38164 1.86713 0.594264
858 0.599586 2.7251 3.06163 1.70292 1.18053
859 0.248004 2.23356 0.354859 1.4708 1.82821
867 0.0753291 1.28005 1.29571 1.77054 2.44319
868 0.768157 2.7494 1.99011 1.48381 1.7005
870 0.653511 2.72953 2.02173 0.64709 2.26115
871 0.908775 1.8212 0.521338 2.13212 1.83075
872 1.8745 2.04208 0.66992 1.77726 0.0269077
873 0.88494 0.33316 2.92912 2.18065 2.1037
875 0.373152 2.03831 1.74147 0.616591 2.01468
876 0.295894 1.2701 1.60261 2.31762 1.91719
881 1.28633 1.81966 0.305171 1.50838 2.43625
884 1.86535 2.46746 1.40902 1.56608 0.903918
885 1.74601 1.29372 1.84748 2.41616 0.808885
886 0.310669 0.528997 2.65752 1.8254 0.456081
888 0.0509786 0.407807 1.76336 2.23791 2.81084
889 1.22424 0.0588515 1.27503 2.39209 0.0987622
890 1.08546 2.73801 2.56623 0.975059 1.1625
896 1.62527 1.29482 3.13975 2.67207 2.26988
899 0.0255443 1.95871 1.21302 1.37168 2.6569
900 1.58971 2.67692 1.88664 0.854793 2.60392
901 0.212698 2.93072 0.613575 0.219773 3.14008
903 0.524338 0.757454 1.44003 0.854271 2.95765
907 1.41106 2.69236 0.0551695 0.505209 1.39271
908 0.0536521 0.00109956 1.71832 1.4497 1.11732
909 1.57441 1.97404 0.355349 1.49501 1.30889
910 1.79357 0.514571 1.55263 0.894477 1.428
911 0.56888 0.54184 2.36699 0.0244227 1.50497
912 0.0166316 0.617442 0.916224 1.96536 3.0971
913 1.18227 1.857 1.12844 1.23744 2.3622
915 0.441777 1.15287 0.0538186 2.41929 2.64789
920 0.79776 1.6535 2.45915 1.64164 1.23196
922 0.371707 0.538777 2.53514 2.01474 0.415265
925 1.71558 2.14647 0.480711 1.67056 1.27881
926 1.64877 0.948899 1.41289 2.58849 2.59054
927 1.12542 1.608 1.63511 1.99083 2.3035
928 1.47681 0.843116 1.32285 2.49252 1.33843
929 1.73811 2.33239 1.76321 1.07932 1.64101
931 0.851262 2.01498 2.51835 1.33197 0.543951
932 0.655569 2.98074 1.49285 0.549031 2.42764
934 1.67813 2.63704 1.36681 1.48155 1.98797
943 1.14527 0.613833 0.323358 1.57106 2.51293
944 1.06927 2.64355 0.406582 1.75707 2.06729
948 0.314819 1.93024 2.57388 1.52986 0.124467
949 0.444451 1.1557 2.36047 0.767808 1.20734
950 1.73181 0.317653 0.709296 0.618963 2.07472
952 1.84621 0.0515033 2.90835 0.913377 0.575832
953 1.5871 2.59145 1.07052 0.420458 0.675307
954 1.19491 2.35744 1.08612 2.24936 0.74571
955 1.21059 2.69381 1.90141 0.429462 1.9422
957 1.29572 1.93363 2.35121 0.440357 0.962612
958 0.888571 2.28657 1.01412 2.2775 1.68052
959 0.0705225 2.34518 1.13037 1.14104 2.76564
960 1.80568 0.816522 1.98149 2.8918 1.54646
961 1.20777 2.58296 1.09868 3.10919 3.01243
962 1.52145 1.55693 0.51268 2.26188 0.713965
963 0.254067 0.41601 2.64759 1.08585 2.47854
964 0.468609 1.97442 1.62351 3.1049 1.11033
965 1.78461 0.0338255 0.313911 2.91498 2.79704
966 1.56012 0.0596494 2.09413 2.02218 1.43203
968 0.744231 1.59971 0.0934624 2.87908 2.34217
970 0.5757 2.40421 1.5324 2.19921 0.848086
971 1.1233 2.4644 0.881911 3.05938 2.23779
976 0.0758412 1.26522 2.70467 1.60824 1.94501
977 0.411162 2.73154 1.26782 2.91524 1.1299
981 0.0507744 1.6938 1.66594 0.568638 0.863897
984 1.55589 2.76986 0.608618 1.02211 0.873042
991 1.11454 1.86767 0.941589 0.781377 2.68345
992 0.746047 2.32545 0.728306 0.0109642 1.77183
993 1.0162 0.954793 2.89114 2.99788 0.422975
995 0.160611 0.860724 1.42844 2.02647 2.93577
996 0.419503 2.56778 0.283516 2.28317 2.19829
999 0.473758 0.691301 1.51225 1.84548 2.16976
EDGES
0 2
0 8
0 9
0 10
0 15
0 24
0 25
0 29
0 31
0 34
0 37
0 40
0 65
0 84
0 86
0 103
0 111
0 118
0 119
0 121
0 130
0 137
0 142
0 157
0 173
0 186
0 234
0 411
0 466
0 665
0 678
0 786
0 910
2 8
2 9
2 10
2 15
2 20
2 21
2 24
2 27
2 28
2 36
2 39
2 49
2 57
2 101
2 120
2 134
2 144
2 272
2 516
2 738
8 9
8 10
8 15
8 24
8 36
8 39
8 49
8 50
8 54
8 71
8 84
8 88
8 96
8 161
8 180
8 212
8 217
8 219
8 255
8 280
8 523
8 732
8 822
8 920
8 931
8 948
9 10
9 27
9 39
9 88
9 91
9 99
9 120
9 148
9 270
9 408
9 629
9 649
10 15
10 20
10 21
10 25
10 28
10 29
10 31
10 34
10 63
10 111
10 117
10 126
10 131
10 135
10 175
10 192
10 260
10 599
10 725
10 855
10 999
15 20
15 24
15 28
15 29
15 57
15 83
15 102
15 136
15 364
15 365
15 392
15 571
15 587
15 602
15 730
15 824
20 21
20 25
20 27
20 28
20 60
20 83
20 107
20 177
20 420
20 423
20 437
21 25
21 36
21 63
21 72
21 77
21 94
21 228
21 581
21 627
21 755
24 39
24 40
24 71
24 98
24 110
24 114
24 136
24 361
24 505
24 515
24 632
24 886
24 922
25 27
25 43
25 50
25 65
25 77
25 93
25 189
25 202
25 246
25 828
25 856
27 43
27 60
27 99
27 310
27 425
27 471
27 538
27 849
27 859
27 996
28 29
28 31
28 34
28 36
28 43
28 60
28 83
28 102
28 107
28 109
28 131
28 135
28 141
28 177
28 192
28 260
28 283
28 312
28 364
28 365
28 438
28 444
28 563
28 876
28 999
29 31
29 34
29 37
29 57
29 63
29 98
29 111
29 117
29 121
29 135
29 157
29 179
29 223
29 224
29 225
29 381
29 486
29 530
29 630
29 647
29 670
29 715
29 733
29 999
31 37
31 111
31 117
31 126
31 179
31 207
31 293
31 344
31 381
31 524
31 630
31 725
31 733
31 793
31 804
31 943
34 37
34 40
34 54
34 58
34 86
34 109
34 118
34 149
34 186
34 298
34 397
34 547
34 911
36 43
36 49
36 63
36 72
36 96
36 107
36 109
36 119
36 134
36 141
36 143
36 151
36 183
36 215
36 337
36 350
36 405
36 413
36 519
36 533
36 577
36 754
36 765
37 40
37 50
37 86
37 109
37 114
37 121
37 142
37 149
37 733
37 853
39 49
39 71
39 88
39 144
39 212
39 280
39 523
40 54
40 84
40 137
40 173
40 205
40 276
40 298
40 361
40 439
40 451
40 562
40 659
40 705
40 820
43 50
43 60
43 65
43 91
43 140
43 143
43 152
43 181
43 200
43 310
43 332
43 425
43 449
43 471
43 476
43 814
43 859
49 57
49 71
49 88
49 91
49 98
49 101
49 134
49 144
49 148
49 161
49 180
49 182
49 219
49 255
49 329
49 462
49 523
49 586
49 822
50 54
50 58
50 128
50 300
50 311
50 333
50 490
50 600
50 785
50 953
54 58
54 84
54 96
54 205
54 217
54 226
54 276
54 311
54 569
54 589
54 613
54 768
54 957
57 98
57 102
57 110
57 136
57 182
57 223
57 224
57 329
57 336
57 365
57 409
57 739
57 770
58 86
58 217
58 226
58 311
58 333
58 419
58 589
58 613
58 981
60 83
60 99
60 101
60 140
60 152
60 199
60 310
60 334
60 406
60 431
60 437
60 444
63 65
63 72
63 93
63 94
63 175
63 228
63 492
63 747
63 838
63 926
65 72
65 77
65 103
65 128
65 167
65 189
65 238
65 246
65 284
65 288
65 332
65 340
65 402
65 479
65 934
71 96
71 212
71 226
71 347
71 367
71 569
71 948
72 77
72 93
72 94
72 101
72 167
72 228
72 238
72 404
72 459
72 492
72 550
72 627
72 927
72 961
77 93
77 167
77 189
77 238
77 246
77 464
77 550
83 107
83 177
83 364
83 420
83 436
83 563
83 615
83 778
83 824
84 137
84 205
84 276
84 466
84 496
84 578
84 659
84 801
86 103
86 118
86 128
86 130
86 466
86 588
86 617
86 678
88 91
88 148
88 206
88 217
88 264
88 442
88 470
88 510
88 609
88 709
88 954
91 99
91 166
91 270
91 427
91 510
91 583
91 698
91 734
93 94
93 103
93 242
93 301
93 388
93 756
94 126
94 175
94 335
94 474
94 500
94 780
96 143
96 226
96 321
96 368
96 562
96 613
96 920
96 981
98 102
98 110
98 114
98 148
98 257
98 303
98 326
98 371
98 381
98 407
98 441
98 565
98 634
98 656
98 767
98 808
99 120
99 166
99 199
99 270
99 334
99 408
99 427
99 583
99 698
99 776
99 977
101 120
101 134
101 144
101 152
101 166
101 199
101 272
101 312
101 313
101 342
101 404
101 462
101 586
101 738
101 964
102 110
102 114
102 303
102 312
102 347
102 371
102 407
102 707
102 767
102 808
103 128
103 130
103 189
103 202
103 242
103 284
103 301
103 318
103 340
103 465
103 511
103 525
103 588
103 606
103 658
103 913
107 141
107 143
107 151
107 177
107 420
107 423
107 615
107 682
107 754
109 118
109 119
109 131
109 149
109 151
109 183
109 195
109 283
109 397
109 405
109 514
109 522
109 783
109 963
109 976
110 136
110 257
110 336
110 409
110 435
110 505
110 515
110 554
110 739
110 770
110 993
111 117
111 121
111 142
111 179
111 293
111 344
111 394
111 524
111 525
111 630
111 725
111 855
111 943
114 173
114 255
114 257
114 361
114 439
114 441
114 486
114 634
114 831
117 126
117 140
117 179
117 207
117 223
117 344
117 388
117 630
117 943
118 119
118 130
118 159
118 162
118 181
118 186
118 221
118 233
118 290
118 346
118 379
118 401
118 455
118 501
118 760
119 131
119 159
119 162
119 195
119 233
119 290
119 401
119 455
119 501
119 692
119 832
120 166
120 408
120 521
120 629
120 717
120 800
121 137
121 142
121 157
121 173
121 293
121 394
121 411
121 669
121 678
121 853
121 910
126 140
126 207
126 334
126 335
126 382
126 474
126 610
126 915
126 968
128 202
128 206
128 300
128 333
128 390
128 490
128 511
128 785
128 992
130 159
130 184
130 186
130 290
130 588
130 606
130 617
131 141
131 162
131 183
131 195
131 268
131 283
131 417
131 526
131 574
131 681
131 696
131 778
131 963
134 161
134 215
134 307
134 896
135 303
135 670
135 908
136 554
136 759
137 411
137 578
137 759
137 952
140 192
140 207
140 301
140 310
140 318
140 382
140 406
140 480
140 849
140 867
140 915
141 151
141 175
141 260
141 307
141 337
141 350
141 392
141 413
141 526
141 528
141 574
141 681
141 777
141 788
141 799
141 873
142 149
142 157
142 234
142 293
142 306
142 394
142 524
142 595
142 853
142 910
142 950
143 152
143 181
143 200
143 296
143 321
143 368
143 868
143 870
144 161
144 212
144 336
144 367
144 435
144 586
144 764
148 255
148 257
148 264
148 269
148 743
148 842
149 159
149 184
149 221
149 397
149 588
149 595
149 867
149 903
151 183
151 337
151 350
151 405
151 413
151 519
151 754
152 199
152 321
152 431
152 471
152 790
152 814
152 821
157 162
157 234
157 268
157 283
157 306
157 966
159 181
159 184
159 221
159 230
159 233
159 290
159 346
159 362
159 379
159 430
159 455
159 558
159 620
159 674
159 845
161 182
161 215
161 618
161 759
162 195
162 268
162 401
162 567
166 167
166 206
166 284
166 288
166 404
166 462
166 479
166 498
166 719
166 954
166 958
167 180
167 219
167 238
167 288
167 313
167 389
167 402
167 464
167 816
167 884
167 929
167 934
173 180
173 205
173 361
173 411
173 439
173 451
173 486
173 665
175 436
175 599
175 605
175 747
175 926
177 192
177 228
177 272
177 420
177 423
177 436
177 437
177 444
177 563
177 581
177 615
177 682
177 795
179 223
179 224
179 225
179 485
179 694
180 182
180 215
180 219
180 389
180 450
180 732
181 184
181 200
181 230
181 233
181 296
181 410
181 463
181 619
181 664
181 870
181 932
182 269
182 329
182 336
182 450
182 516
182 618
182 743
182 885
183 260
183 337
183 405
183 451
183 636
183 692
184 200
184 221
184 230
184 410
184 463
184 620
184 672
184 875
186 234
186 760
186 911
189 202
189 242
189 465
189 511
189 580
189 828
192 364
192 436
192 480
192 599
192 778
192 867
192 876
192 888
192 912
192 995
192 999
195 522
199 270
199 371
199 427
199 583
199 734
199 964
199 977
200 230
200 296
200 410
200 449
200 476
200 585
200 664
200 870
200 875
200 899
200 932
200 959
202 206
202 242
202 390
202 580
202 604
202 644
202 907
205 276
205 298
205 496
205 562
205 659
205 949
206 264
206 333
206 390
206 399
206 442
206 546
207 284
207 334
207 335
207 340
207 382
207 487
207 793
207 841
207 871
207 968
212 347
212 367
215 313
215 533
215 732
215 766
217 280
217 311
217 419
217 470
217 589
219 288
219 313
219 321
219 332
219 389
219 523
219 655
219 766
219 816
219 868
219 890
221 455
221 585
221 595
221 696
221 728
221 903
223 224
223 225
223 303
223 342
223 694
223 747
223 928
224 225
224 269
224 285
224 342
224 409
224 530
224 628
224 647
224 694
224 715
224 729
224 928
225 285
225 415
225 485
225 744
225 826
226 280
226 569
228 272
228 492
228 581
228 755
230 410
230 463
230 620
230 672
230 825
233 296
233 346
233 619
233 798
234 268
234 394
234 567
234 728
234 950
238 246
238 332
238 362
238 387
238 389
238 464
242 301
242 318
242 465
242 580
242 658
246 300
246 362
246 387
246 402
246 464
246 752
246 856
246 900
246 934
255 347
255 439
255 656
255 822
255 931
255 948
257 264
257 269
257 285
257 297
257 326
257 409
257 441
257 769
260 307
260 519
260 526
260 574
260 647
260 715
260 745
260 782
260 795
260 838
264 297
264 399
264 419
264 442
264 470
264 531
264 609
264 634
264 872
268 306
268 401
268 417
268 567
268 832
269 285
269 297
269 329
269 415
269 516
269 626
269 652
270 408
270 427
270 510
270 565
270 649
272 312
276 298
276 659
280 569
280 655
283 417
283 514
283 908
284 340
284 487
284 498
284 521
284 639
284 909
284 925
285 297
285 326
285 415
285 441
285 485
285 530
285 590
285 626
285 652
285 729
285 744
285 769
285 962
288 300
288 479
288 709
288 884
290 346
290 379
290 430
290 466
290 558
290 674
293 306
293 344
293 595
293 696
296 368
296 619
296 664
296 870
297 419
297 531
297 590
297 652
297 872
298 397
298 547
298 911
298 949
300 490
300 785
301 318
301 388
301 465
301 585
301 658
301 756
301 881
301 991
303 326
303 371
303 381
303 407
303 573
306 307
306 528
306 782
307 492
307 528
307 647
307 745
307 896
310 406
310 459
310 538
311 589
311 953
312 438
312 586
312 764
312 765
312 790
313 533
313 577
313 766
313 816
318 388
318 425
318 449
318 480
318 585
318 756
318 796
318 881
321 368
321 655
321 868
326 415
326 565
326 573
326 594
329 450
329 516
329 743
329 842
329 885
332 362
332 449
332 913
332 927
333 390
333 399
333 600
333 601
333 644
334 335
334 406
334 538
334 849
335 382
335 474
335 780
335 961
335 968
335 971
336 435
336 618
336 993
337 350
337 413
337 681
337 692
337 755
340 342
340 487
340 590
340 639
340 871
340 909
342 404
342 431
342 487
342 780
342 800
344 943
346 619
346 798
347 367
347 632
347 707
347 821
350 755
361 505
361 515
361 554
361 857
361 908
361 922
362 379
362 387
362 752
362 900
364 365
364 392
364 438
364 571
364 778
364 888
365 392
365 587
365 602
365 730
367 435
367 707
368 798
371 407
371 565
371 594
371 767
371 964
379 387
379 430
379 558
379 636
379 674
381 431
381 670
381 733
381 793
381 804
382 474
382 500
382 793
382 915
382 968
387 558
387 606
387 752
387 913
388 756
388 881
389 402
389 450
389 636
389 732
389 929
390 399
390 490
390 644
390 907
392 526
392 571
392 587
392 784
392 788
392 789
392 799
392 873
394 524
394 525
394 950
397 514
397 547
397 783
397 791
399 425
399 601
399 667
399 854
401 417
401 501
401 567
401 760
402 430
402 752
402 929
404 462
404 479
404 498
404 550
404 717
404 719
404 800
405 451
405 522
405 692
405 783
406 459
406 538
407 505
407 670
407 808
408 442
408 629
409 485
409 554
409 628
409 739
409 826
409 889
410 463
410 600
410 620
410 672
410 932
410 992
411 578
411 665
411 669
411 705
411 786
411 831
413 438
413 519
413 754
413 788
413 976
415 573
415 594
415 626
415 744
417 514
417 963
419 470
419 609
420 423
420 437
420 459
420 581
423 615
423 682
425 476
425 859
427 471
427 510
427 583
427 698
427 776
430 674
430 955
431 656
431 871
431 958
435 618
435 707
435 993
436 480
436 599
437 444
438 764
438 765
438 976
439 486
439 562
439 632
439 770
439 820
439 886
439 920
439 949
441 530
441 634
441 656
441 769
442 531
442 546
442 709
442 984
444 563
444 876
449 476
449 796
449 899
449 959
450 885
451 496
455 501
455 791
459 627
459 961
462 717
462 738
462 954
462 970
463 604
463 825
463 845
463 901
464 900
464 934
465 580
465 658
465 828
466 496
466 578
466 801
470 609
470 709
470 984
471 601
471 667
474 500
474 610
474 840
474 965
476 604
476 796
476 859
476 944
476 959
479 498
479 521
479 550
479 719
479 944
480 867
480 899
480 912
485 628
485 694
485 744
485 826
485 889
486 770
486 790
486 920
487 573
487 639
487 780
490 511
490 644
490 700
490 785
490 953
490 992
492 533
496 636
496 768
496 957
498 521
498 719
498 841
498 944
500 610
500 840
500 965
501 522
501 760
505 515
510 601
510 649
510 854
511 617
511 907
514 963
515 730
516 717
516 743
516 842
516 885
519 745
519 795
521 531
521 546
522 547
523 655
523 858
524 525
524 725
524 855
524 950
525 617
525 735
525 805
526 528
526 574
526 605
526 777
526 873
530 590
530 729
530 928
531 546
531 629
531 872
538 841
538 996
546 909
546 925
547 791
547 911
554 628
554 759
554 857
558 845
562 632
562 820
562 949
563 571
563 824
563 876
565 594
565 649
571 587
571 602
571 784
571 789
574 605
574 681
574 745
574 777
577 766
577 858
578 801
578 952
580 604
580 825
580 828
583 698
583 776
583 977
585 664
585 796
585 991
586 738
586 764
587 602
587 784
587 788
587 789
587 873
588 606
588 672
589 613
589 768
589 957
590 639
590 652
590 735
590 805
590 909
590 925
590 962
594 626
595 696
595 728
595 903
599 605
599 610
599 840
600 667
600 700
601 667
601 854
602 730
604 901
605 777
606 678
606 913
609 854
610 840
610 965
613 981
615 682
617 735
618 993
620 825
620 845
627 961
628 669
628 831
628 889
632 820
632 886
632 922
636 768
639 735
644 907
647 715
647 747
647 782
647 960
647 966
652 769
652 872
652 962
655 890
656 790
656 821
656 822
656 970
658 991
659 665
659 705
659 801
659 952
664 783
665 669
665 705
665 786
667 814
669 857
669 966
670 908
672 992
674 955
678 786
678 805
678 910
692 832
694 729
694 739
694 826
696 728
696 903
698 734
698 977
705 831
707 767
709 884
709 953
709 984
715 960
715 966
717 800
719 776
719 944
719 958
725 855
729 928
733 804
733 853
735 805
743 842
743 884
745 782
745 795
745 832
745 927
747 838
747 926
747 960
752 900
752 929
754 765
755 799
756 881
764 784
765 976
766 816
766 858
766 868
766 890
767 808
767 964
768 798
768 957
769 962
776 841
778 824
778 888
782 838
783 791
783 875
784 789
785 955
788 799
788 896
790 814
790 821
793 804
793 849
793 871
793 915
795 927
796 856
796 901
799 896
800 971
801 952
820 886
821 970
822 931
824 888
825 901
826 889
828 856
831 857
838 926
840 965
841 971
842 954
849 996
867 899
867 912
867 995
868 890
870 875
870 932
870 955
871 958
886 922
888 912
888 995
899 959
909 925
912 995
913 991
920 931
928 960
931 948
944 996
949 981
953 984
954 970
961 971
