DOFS 5
NODES 500
0 1.57 1.57 1.57 1.57 1.57
1 0.392 2.35 3.14 2.82 4.71
2 1.73428 2.65629 0.856857 5.19474 1.18239
3 0.791157 1.83104 4.65694 0.0356336 6.28044
4 0.203745 3.24039 1.53715 0.531282 2.34314
5 1.80519 1.14378 2.57671 0.0640295 4.00374
6 1.14695 2.55586 5.65443 5.48389 1.86823
7 0.89489 1.60404 2.77563 1.12895 3.6699
8 0.822756 1.32313 3.92722 1.69166 2.02311
9 1.78847 1.12331 1.17758 6.07121 3.55367
10 1.14735 5.27288 2.47413 0.838218 1.93671
11 1.00199 1.63332 5.21051 0.16926 5.04171
12 0.211829 0.828935 5.05503 2.33456 6.2661
13 1.84489 3.00486 6.14593 6.08185 2.0527
14 0.540018 0.924905 0.398774 1.75903 4.63062
15 1.10257 1.16008 0.773425 4.68276 2.19932
16 0.793273 0.0157179 1.13451 1.30286 2.87936
17 1.49882 5.83823 1.64883 5.01627 0.628326
18 0.750017 2.00585 5.62975 3.41514 2.11444
19 1.75748 0.763655 5.40298 0.570728 2.68161
20 1.39338 2.81534 0.748876 1.71003 3.62091
21 0.858504 2.31 3.8772 2.48784 4.90889
22 1.10612 1.57202 6.14042 0.404329 3.14187
23 0.81708 0.474199 1.37313 3.11211 4.16867
24 1.26055 1.82918 4.52852 1.83492 0.951921
25 0.705334 2.64142 1.48341 3.91505 1.12082
26 1.71948 5.98514 2.50736 0.289511 1.51444
27 1.71547 1.49797 0.943 5.89924 5.44574
28 1.68018 1.15137 3.4314 3.95274 2.62943
29 1.56707 1.90339 4.35554 0.00984844 1.44405
30 0.274813 0.245419 2.56978 2.90924 0.705826
31 1.84444 1.79963 5.82259 2.44944 4.47241
32 1.85568 2.92359 0.441805 1.06136 2.23809
33 0.391497 1.01949 1.94008 3.73359 3.21579
34 0.724695 2.44292 2.64035 4.49332 3.88232
35 1.80952 2.01874 5.291 0.990561 3.35145
36 0.157063 1.95172 3.82383 1.54249 4.9573
37 1.82863 0.696313 1.16413 4.74327 0.161331
38 0.0787268 1.08104 5.87745 2.42649 2.19193
39 0.0714777 3.15742 1.051 1.04145 1.39284
40 0.650491 2.38345 0.84588 0.675295 5.81931
41 1.83824 6.04163 2.98373 1.68511 2.68729
42 0.384603 1.75703 3.88855 1.90078 3.80155
43 1.35474 5.05785 0.62944 5.78801 3.18472
44 1.45761 0.640672 3.50661 2.46196 1.5944
45 1.86556 1.25398 4.976 2.96048 0.855275
46 1.57151 3.1067 0.834588 2.8591 0.590065
47 1.59804 4.44976 0.466511 5.79441 0.98132
48 0.327348 1.61797 2.98681 1.40046 6.24247
49 1.29895 2.54242 6.27907 2.17204 3.53295
50 0.457367 2.33492 3.40126 0.327411 4.92549
51 1.8211 5.21803 0.949421 2.60018 5.27008
52 1.32005 5.40338 1.10715 0.613938 3.99072
53 1.0803 6.04045 0.604244 1.44553 2.42754
54 0.65099 0.0667178 1.21213 3.93316 2.73961
55 1.86012 0.548907 1.91067 5.50783 1.39276
56 0.778663 1.42029 0.656272 5.46504 3.56079
57 0.61683 2.69495 2.49088 1.74761 1.79183
58 1.45149 1.52771 1.83863 1.33483 4.69004
59 0.754461 0.344812 0.670893 2.99802 4.94141
60 1.0613 5.67725 2.15993 2.62492 5.24942
61 1.08476 2.74582 3.64094 0.665051 5.39886
62 0.063006 1.62468 2.40917 4.70999 0.233389
63 0.83487 1.63314 2.88802 2.38528 3.2576
64 1.02165 4.11955 1.18665 6.14045 4.00811
65 1.67713 0.0542517 1.67626 4.23816 5.31446
66 1.60267 0.758376 0.802789 2.94369 1.9937
67 1.82999 5.06865 1.79463 0.331062 3.84403
68 0.528121 6.05896 1.37511 2.2141 1.99435
69 1.58458 0.961863 3.92606 2.04884 3.08959
70 0.920455 0.123457 5.52034 2.61892 1.78053
71 1.64616 1.15096 0.962118 4.58613 1.27934
72 0.472388 0.899655 0.732197 3.78821 4.17997
73 0.288026 1.69405 3.05163 0.0794232 0.457025
74 1.80854 5.93007 1.95768 1.91845 5.34511
75 1.08654 5.29465 2.75549 0.973756 1.62778
76 1.49362 1.71007 4.69014 1.99907 5.27328
77 1.09207 0.245013 0.68742 4.25623 1.04292
78 0.85831 1.80725 1.48961 5.84996 3.40228
79 0.668893 1.35951 4.70036 2.0564 1.82518
80 1.81884 1.31428 5.40319 3.40688 0.0121009
81 0.21331 6.21619 1.34021 1.38519 2.73382
82 0.130526 2.12034 6.0316 0.202393 3.68272
83 0.393223 0.833404 5.42647 2.56825 5.99783
84 1.53427 3.1348 2.72412 4.37978 1.29706
85 0.116223 0.72641 2.95086 1.37981 2.35351
86 1.28213 6.19745 3.22762 1.86267 5.686
87 0.59074 0.921213 0.518751 3.2544 4.78593
88 1.60804 1.64167 5.18568 2.86625 5.41375
89 1.33342 1.77145 0.503466 1.92874 5.35179
90 0.0999319 1.09758 5.51805 2.60426 3.44514
91 1.61191 0.388313 5.00878 2.02303 2.1595
92 1.77823 0.987411 0.225418 0.352264 4.54859
93 0.822367 5.48607 0.56649 1.92496 3.84814
94 0.258549 2.41786 2.52291 5.54704 0.806907
95 1.79813 1.0319 0.596513 2.35038 6.08416
96 0.383754 2.69358 0.157607 4.28273 1.41979
97 1.79963 1.22546 3.84554 0.886681 2.34144
98 1.7401 1.61968 5.70821 1.48444 2.57667
99 1.86526 2.04772 4.11127 0.150423 6.17614
100 1.19118 0.893965 0.461278 3.30055 3.3022
101 1.12011 5.47571 1.39612 0.588973 4.13204
102 1.48863 2.71428 1.12183 2.11832 2.98673
103 1.38772 5.49127 3.40129 1.56188 6.20323
104 0.492407 1.01655 2.1284 4.52347 5.48149
105 0.0715313 1.51797 0.168711 2.35276 3.59188
106 0.586193 2.50885 5.69025 2.13306 1.53299
107 1.13226 0.910194 2.72302 5.64091 0.597995
108 1.74296 2.32801 1.07738 6.02602 5.73206
109 1.81604 6.1725 3.30954 0.38349 3.05495
110 0.0858794 0.223286 1.61763 2.14452 2.56923
111 0.0224921 1.34894 0.374264 4.8302 2.26276
112 0.88493 0.3609 1.82199 0.510433 3.16584
113 0.789277 6.2492 2.81456 5.33135 0.452816
114 0.639443 5.98988 2.82157 5.72051 0.834925
115 1.21837 6.24907 0.0712043 1.96989 2.68513
116 0.613296 2.94388 0.273303 2.58332 5.42728
117 0.167616 1.85634 2.3343 5.55662 4.06702
118 1.15048 6.15603 6.0664 3.08199 6.11244
119 1.00407 2.10363 1.96732 1.00929 2.2341
120 0.97738 1.09724 1.51494 3.51525 1.29163
121 0.558673 1.52781 1.49015 3.87026 0.231134
122 1.38739 3.13348 1.81193 6.06031 5.57297
123 1.68347 3.1527 0.710774 0.188922 0.253313
124 1.86165 1.12281 3.85635 3.83744 2.78575
125 0.488274 1.51547 1.06084 0.761678 4.69203
126 0.732225 2.12988 0.239028 3.7616 1.06935
127 0.182259 2.07742 3.07403 3.74172 2.86271
128 1.31286 3.14962 2.02073 1.42096 5.88933
129 1.83714 0.793612 3.91993 1.21489 1.80295
130 1.72751 3.06864 6.17871 0.737456 3.14646
131 0.555144 2.40122 2.58373 0.442741 1.46629
132 1.45031 0.103433 5.42917 0.824958 2.17453
133 0.954156 2.01195 5.22818 1.08407 3.05594
134 1.7655 1.94025 1.66415 2.53064 1.78927
135 1.28975 2.70281 1.48292 0.212529 6.2344
136 1.43263 4.52786 1.66468 5.89439 3.66184
137 1.61995 2.83479 0.331445 1.59572 4.22616
138 1.6078 0.912641 4.94864 3.61551 0.101384
139 0.649498 3.58137 1.63702 1.01594 4.02267
140 0.265116 2.00492 2.15355 0.456741 2.06703
141 0.672534 2.12067 0.327817 3.93136 2.77161
142 0.299265 1.9983 3.02789 0.228401 0.674703
143 0.995508 2.89681 1.99786 4.30778 6.26475
144 0.968361 2.54095 1.95329 5.65306 0.758279
145 1.76418 1.00572 3.82119 5.784 2.77108
146 0.488924 3.33769 1.15227 4.74145 2.02384
147 0.501049 0.731577 1.58842 5.50572 4.72209
148 1.45498 2.3345 1.17221 4.58527 5.0574
149 1.23629 2.8145 1.71362 4.64163 0.814501
150 0.952439 1.13581 0.0717811 4.22619 0.398783
151 0.35712 6.20937 2.76718 0.577597 4.63085
152 0.341202 3.47168 1.83159 5.32239 1.80549
153 1.79106 6.15283 2.07947 3.39297 4.42419
154 1.71607 0.113949 1.36536 0.0577486 3.00738
155 0.914724 6.00813 2.31465 5.35932 2.41924
156 0.53977 3.16932 0.706151 0.866167 0.586742
157 0.6519 0.255562 2.10987 0.533952 4.59246
158 0.750133 5.60793 1.53787 5.81345 3.67129
159 0.045696 2.25322 1.75154 4.64184 2.6983
160 1.77134 0.581369 4.33113 1.74724 4.80751
161 1.58661 6.1226 2.20125 2.45025 1.76323
162 0.580172 2.24254 0.213857 0.319422 1.25575
163 1.25053 2.53821 5.09587 0.482635 2.11648
164 1.3637 0.664016 4.65396 2.60824 1.61931
165 0.653554 2.58706 0.0737924 1.72182 4.5794
166 0.615583 3.54306 1.86685 0.65866 4.68028
167 0.0451451 3.10774 1.3093 0.0498141 0.303406
168 1.28437 1.90814 4.72208 0.939644 1.33836
169 1.84717 1.86078 0.795247 5.58713 0.338085
170 0.0267295 1.66744 0.0696594 2.07945 0.300909
171 1.3802 2.10952 0.334077 3.60024 1.1958
172 1.78412 5.20431 1.58442 5.09226 0.425592
173 0.919265 2.52937 2.38001 5.69958 1.13086
174 0.606859 1.61749 1.29242 2.90077 4.98254
175 1.48026 1.09918 3.64537 1.23044 0.828022
176 1.21867 1.15264 2.86713 5.54892 2.90919
177 1.32971 5.1263 1.47021 2.33286 2.39023
178 1.57523 1.7911 4.71451 1.42801 5.00652
179 1.43255 5.67748 0.0718559 3.3869 1.98434
180 0.820157 1.35368 2.36432 1.38135 4.90995
181 1.59572 0.625913 2.74266 3.71444 1.24264
182 0.206729 2.05677 1.03906 0.987865 4.91484
183 1.46062 5.73433 1.02507 0.643176 1.35528
184 1.06567 5.50762 0.985508 3.17896 2.2471
185 0.00924034 2.3591 0.906743 4.84694 5.76459
186 0.145742 0.488667 2.92316 6.18442 3.57281
187 0.924625 1.31988 3.65634 3.39422 4.98424
188 0.756271 2.47425 4.91982 0.252309 0.160998
189 0.360943 1.67749 4.81927 5.92822 0.933025
190 1.79315 1.85909 0.443434 4.24559 4.64959
191 1.44154 1.99109 4.70446 2.1653 1.01417
192 1.42311 2.17173 3.79275 4.44446 1.32981
193 1.73004 5.60537 2.62066 0.311027 1.84839
194 0.692857 3.72901 1.73373 0.100667 5.40334
195 1.72572 1.32475 4.68726 6.07281 6.15024
196 1.49676 0.0854901 4.41133 2.4793 6.03157
197 1.85541 0.952889 0.930182 5.64555 5.21426
198 1.25499 1.547 1.32174 2.48459 3.75879
199 1.50497 0.862576 1.04824 4.39033 4.5991
200 0.068937 1.94192 5.49096 1.33539 0.791018
201 1.21695 1.36617 5.98171 1.02111 4.94796
202 0.795227 2.01523 0.0919287 1.56023 2.63714
203 1.78927 2.43078 6.23344 1.47418 0.038308
204 1.20363 2.02321 3.26088 4.48955 2.95533
205 0.981876 2.72012 2.07453 1.66226 2.93138
206 1.58976 5.80963 0.934353 5.53232 1.60355
207 1.20025 1.32082 3.24005 2.04277 4.91242
208 1.7404 5.85985 1.55523 2.4721 0.873041
209 1.14248 0.788632 1.66415 2.86803 4.42642
210 1.20418 1.6706 3.94257 2.91488 5.98083
211 1.73381 6.23003 3.13798 0.988712 4.8293
212 1.31211 1.23876 6.2215 5.77254 2.3735
213 0.847106 1.70912 1.70246 2.9239 3.25789
214 0.737621 5.56574 3.02674 2.22585 3.1005
215 0.955191 3.66218 1.3907 6.18126 1.69765
216 0.620074 0.221139 0.905166 3.1036 5.3754
217 0.905255 5.50688 1.09338 3.61755 0.598483
218 1.27331 1.35414 3.14181 2.79415 3.12925
219 1.08346 2.35802 2.06455 0.511794 2.24651
220 0.843022 0.487449 5.29765 3.33483 0.0545842
221 0.639847 0.700952 5.89484 3.87344 2.98149
222 0.206536 0.401869 3.45565 2.32557 5.45195
223 1.49569 2.3392 3.56155 5.25205 2.01353
224 1.60225 3.06545 4.83787 1.45456 4.3388
225 1.46604 2.9997 2.0923 5.74386 3.7758
226 1.34035 2.60139 2.616 2.28448 0.750747
227 0.0741301 0.245404 2.32191 2.94638 3.4705
228 1.81613 1.23631 3.38395 2.25117 3.83153
229 1.27174 4.37714 0.890076 5.83151 2.75663
230 0.736493 5.54746 1.67027 0.382373 3.38378
231 0.351491 1.76391 3.16697 4.80703 0.644324
232 0.983952 2.95401 2.16562 3.0266 0.971762
233 1.49441 1.62924 5.7731 0.341192 1.18409
234 0.840783 0.213816 1.84552 2.3872 2.02473
235 1.76963 1.29377 5.73104 2.07228 2.61376
236 1.67017 6.1565 1.86078 1.44286 5.99712
237 0.623158 2.60938 0.776195 3.85591 6.04889
238 1.11754 5.29802 2.14768 3.96053 0.987726
239 1.31251 5.58928 3.14656 0.0120074 0.585607
240 1.70732 1.76907 5.95166 0.24099 4.44696
241 1.72725 1.87688 5.56843 4.17444 6.17337
242 0.701423 1.6616 3.32232 5.71248 5.20591
243 1.78919 0.845122 0.0404271 4.61022 1.30973
244 0.238687 1.78482 2.3876 2.41472 2.32028
245 0.802049 1.78192 1.0479 3.85981 4.17247
246 0.72635 0.238229 5.22788 2.33547 5.70812
247 0.823934 1.31756 5.64204 2.06007 2.99474
248 1.82282 0.154955 1.982 2.75195 0.558587
249 1.43597 0.580007 3.24436 5.49904 1.84703
250 1.14398 2.1683 0.553629 4.78343 4.80961
251 1.73225 5.65859 1.63571 1.20678 0.533774
252 0.0806881 0.573402 1.8388 2.862 2.49829
253 1.83175 2.1286 1.71096 1.09767 0.188503
254 0.191838 1.56918 3.86287 2.19734 3.09406
255 1.14671 1.91938 5.11331 2.38464 5.2106
256 1.3181 0.934844 4.36275 0.0690483 0.480685
257 1.46384 4.95476 1.46281 1.11914 0.478409
258 1.44351 5.10497 1.31987 1.1318 5.60515
259 0.424162 1.52062 3.68405 2.66699 0.584287
260 1.37406 3.17925 1.43333 1.49201 2.84877
261 1.56277 5.17416 0.356597 2.79261 1.55125
262 1.1149 2.59472 1.36062 0.472909 3.92352
263 1.68233 0.88513 1.03951 4.71704 4.34971
264 0.755468 2.28738 3.34931 2.0433 2.5112
265 1.56762 1.06628 3.95306 0.609747 2.71575
266 0.413309 3.35476 0.797379 6.0892 1.62005
267 1.48504 1.26834 5.99874 0.254124 1.72862
268 1.67279 0.670088 2.79438 0.000234365 1.69169
269 1.6393 0.0517571 2.43834 3.72651 0.377811
270 1.19915 2.45809 5.33635 5.52559 0.121533
271 1.03683 4.00458 1.68385 1.02223 3.19531
272 1.00602 1.24187 3.99495 2.6705 0.874783
273 0.794782 2.69919 3.21214 0.511475 0.218404
274 0.445173 1.77399 3.00536 3.81519 3.00454
275 0.290034 6.19048 2.48608 2.7858 3.06908
276 1.49359 1.68278 1.0393 4.58466 0.423835
277 1.8257 5.96713 0.163353 3.58696 1.46068
278 0.212225 2.0045 1.79615 1.1277 3.95374
279 1.8651 3.27175 1.27858 1.21096 0.586768
280 0.834865 3.87019 1.47869 3.27779 0.984933
281 0.173489 0.852542 0.841237 2.96211 0.178297
282 0.84641 2.9819 5.53279 1.05939 2.64593
283 0.272 0.31304 2.6065 3.54208 5.67086
284 1.13882 0.992424 5.70843 4.47423 2.21288
285 1.70371 1.12099 4.01165 2.39133 5.96891
286 1.5581 1.57893 3.154 1.9413 1.93067
287 1.08161 1.69513 3.37939 5.83985 6.11947
288 0.693631 1.50111 2.3866 1.93927 1.10533
289 1.8239 0.640766 2.77249 6.18723 1.43556
290 1.82851 5.88014 2.30003 0.607412 6.18949
291 1.38701 1.25118 4.71493 2.57542 0.880274
292 0.0728418 1.86252 1.67754 3.28507 4.25275
293 0.914404 0.117648 2.0594 2.0666 4.45585
294 0.557701 0.864097 0.0601467 3.6485 5.54994
295 1.70857 1.03639 6.00407 2.2988 3.6089
296 0.786191 2.69401 0.222419 4.39971 6.22354
297 1.20948 3.09946 2.9732 0.356408 3.25662
298 1.07967 1.10066 2.14736 1.46985 2.53664
299 0.158133 3.14094 1.40523 1.05536 0.581828
300 1.74361 1.93292 2.82398 1.95591 4.2285
301 0.804819 2.34107 3.78865 1.48416 6.22114
302 0.928107 2.29315 3.01402 1.83054 5.96751
303 1.70023 1.62518 4.93434 0.344043 2.94284
304 0.610479 0.717074 5.82101 2.91355 3.93524
305 0.263807 0.13086 1.13853 3.25393 6.14396
306 1.72017 0.287072 3.36169 5.04673 0.66582
307 1.14684 0.780008 3.88962 0.0937146 5.63626
308 1.3692 2.7007 6.00268 5.50601 0.688203
309 0.0311353 1.41659 2.89274 1.36895 1.311
310 0.81872 0.518341 2.13733 5.42673 1.228
311 0.455447 2.87635 1.50981 1.07824 4.22206
312 1.72733 1.51789 0.492704 3.72337 1.05504
313 1.78384 6.08383 1.53563 1.01431 2.86824
314 1.78688 2.68363 0.656072 3.86317 0.469763
315 0.167009 2.04963 1.80721 3.86215 5.15245
316 1.36049 1.42215 6.12227 3.26063 2.97457
317 0.742377 1.49113 1.27896 3.4201 1.90108
318 1.77419 2.72782 0.0917732 2.70579 5.16852
319 0.917603 0.103626 2.82779 3.54394 6.27873
320 1.55231 6.18257 3.1946 2.07811 5.16746
321 1.36139 2.82727 3.89412 2.31617 5.01038
322 0.75696 1.90525 0.273967 2.27435 5.30933
323 1.27683 5.7878 1.01595 2.16268 4.19803
324 1.14654 2.59515 3.79718 0.44358 0.760949
325 0.127265 2.48903 1.42002 2.31215 0.0952189
326 1.86357 0.231276 3.25828 1.15489 5.84493
327 0.171631 1.83945 4.83466 2.01162 6.13165
328 1.81145 6.23904 2.06579 3.02932 2.95907
329 1.60773 5.79866 1.91838 1.34543 4.0645
330 1.82211 2.77251 5.79951 2.16774 0.335983
331 0.169643 1.67886 4.82015 2.29624 5.35986
332 1.73414 5.78595 2.10827 0.556726 3.15459
333 0.472343 1.01497 5.69938 3.80899 0.592266
334 1.85621 2.13927 1.45729 6.02964 3.46982
335 1.11558 1.23811 0.945849 3.22294 1.80542
336 1.82578 1.6813 2.10009 2.35899 5.87601
337 1.30083 0.626478 1.12602 0.442908 4.54484
338 1.33579 0.0251268 1.06814 3.05611 4.97293
339 1.81893 5.89872 2.34331 3.01964 5.88505
340 1.14478 2.18347 5.45242 5.04567 0.920613
341 0.655313 6.10042 3.30947 2.13596 5.14779
342 0.304901 1.52849 3.06364 2.12818 3.52577
343 1.24737 1.51768 4.10696 5.4436 6.27616
344 0.234341 1.02195 3.50845 2.82102 3.17805
345 1.17259 1.09953 2.04404 1.24257 1.65697
346 0.337175 1.9639 3.43883 0.632068 4.6079
347 0.219946 0.441868 0.915897 2.51479 4.88739
348 1.53471 5.91571 0.564354 2.52072 4.00129
349 0.0549233 2.54041 5.93869 1.91081 5.22441
350 0.501089 6.22112 3.29539 1.46492 2.64685
351 1.45384 4.92627 1.31171 3.05075 2.91224
352 0.417184 5.91136 1.57438 4.72296 3.04339
353 0.385165 0.911897 1.74315 0.0243378 4.42428
354 1.74259 1.65769 3.07467 2.34599 1.31415
355 1.67222 0.0939208 6.183 4.49793 2.62264
356 0.441929 1.75218 0.213558 4.42407 0.0316433
357 1.67624 2.67121 0.97053 2.69677 2.16538
358 1.56574 2.73333 3.74858 0.316133 1.14017
359 1.86363 1.37065 3.39015 1.90373 3.43769
360 1.13644 1.81601 1.2356 1.83638 2.60929
361 1.54846 1.0041 4.15324 4.83756 0.94722
362 1.80006 2.60461 4.49336 3.51788 6.20559
363 1.17626 2.32438 4.95097 5.81819 3.06903
364 1.06883 2.11258 0.843629 2.33947 0.570635
365 1.44872 2.17891 3.81091 4.52387 2.87499
366 0.301052 1.5714 2.42781 4.02966 3.76091
367 0.867987 2.25131 4.99082 2.50008 3.67039
368 1.08351 6.22597 0.458354 3.17527 5.51274
369 0.0547022 0.131613 1.31615 3.2043 3.99571
370 0.874919 1.64918 5.91964 4.98252 1.10174
371 1.57301 2.64255 5.63085 0.8711 1.33716
372 0.432041 2.70562 5.97333 2.42771 3.19553
373 1.12201 2.07331 1.7219 1.17627 0.592092
374 1.71821 2.80716 6.14605 5.60894 3.38152
375 1.76066 0.64202 4.89873 5.78193 1.30694
376 1.57821 5.84158 6.15867 1.49025 1.40829
377 0.361759 0.775018 3.19501 5.00289 1.97923
378 0.533215 2.3888 4.70718 1.41124 0.69396
379 0.977151 2.42497 3.29845 3.55648 0.218195
380 1.09634 1.51799 1.32488 2.48252 3.32233
381 1.86673 1.27799 3.37961 6.16967 6.26944
382 1.58792 4.49594 1.23039 1.07141 5.02367
383 0.467044 2.82242 6.10867 1.9919 0.178168
384 1.87542 0.616413 1.4129 5.69106 2.23765
385 1.75078 2.14215 2.70768 5.82856 1.28343
386 1.29264 2.6037 5.25522 0.816987 4.97318
387 0.268231 2.07255 1.88628 3.61215 2.31317
388 1.29494 2.73418 0.208609 0.66461 2.90534
389 0.500687 2.36827 2.04475 3.96152 6.12634
390 1.47084 1.43751 5.44903 2.113 1.22976
391 1.8634 0.198216 1.3177 3.0711 2.63105
392 0.915532 1.11532 4.26795 3.65654 1.01199
393 0.786605 3.07565 0.307625 1.71487 3.27051
394 0.212329 0.7498 1.89604 2.3757 3.83646
395 1.82759 2.28987 2.86578 6.01194 0.318659
396 1.47399 1.38841 3.40295 3.91293 4.18631
397 1.21747 3.13433 1.83456 5.2882 1.17385
398 0.494738 2.44391 3.33776 0.55554 5.8177
399 0.798545 1.51519 4.56382 5.55054 0.979248
400 1.17105 0.797208 2.90682 1.18078 1.46248
401 0.547526 2.64943 0.10661 1.61477 0.98242
402 1.69565 1.87054 1.52087 0.850139 5.21665
403 1.1972 1.02927 2.38378 1.92557 5.07714
404 0.795763 0.410225 4.79238 1.76734 4.21492
405 1.06892 0.979462 3.72047 5.5388 2.84467
406 0.897199 2.24583 5.06566 1.84754 4.45852
407 1.71723 0.734247 4.18386 1.609 4.94849
408 0.367584 1.10046 4.51478 2.241 4.91362
409 1.57614 4.94458 1.98442 5.69458 1.76617
410 0.16203 2.99722 1.17122 2.49759 6.07536
411 0.394486 2.03996 4.26706 0.536247 4.10567
412 1.69262 0.0638899 3.20203 2.41569 2.10563
413 1.84922 0.784238 2.8866 6.22355 2.72186
414 1.43237 2.75684 0.57315 0.112748 6.01578
415 0.107089 2.50466 1.29465 2.178 2.22407
416 0.911932 6.14756 2.48179 4.0342 1.60459
417 0.888963 3.53684 6.18853 1.31792 2.59864
418 1.67596 4.93082 1.44649 4.28308 1.02337
419 1.73416 1.32363 0.4049 0.374168 3.18726
420 0.809012 0.0912501 3.40029 0.292243 0.846361
421 0.97993 1.74217 2.70467 4.79205 3.92958
422 0.246617 1.03633 0.301362 4.49926 1.81088
423 0.851676 1.33628 4.77887 2.87779 5.12006
424 1.49577 2.8132 5.94565 2.27213 5.00667
425 1.0426 0.342887 4.33626 1.24579 4.85042
426 1.69799 0.751918 5.05403 3.66735 1.34779
427 1.69225 0.385925 4.55591 6.10161 3.20252
428 0.936995 4.06254 1.49515 5.29766 2.37989
429 1.41183 2.95072 1.03635 3.38007 5.69801
430 1.00237 5.43702 1.56973 0.885016 4.77159
431 0.593952 2.33765 5.73197 2.92212 1.215
432 1.73922 5.57984 1.59631 1.03094 2.49983
433 1.71511 2.77822 1.1608 5.1182 5.05089
434 1.37702 2.24757 2.01714 5.82787 4.62607
435 1.64894 6.04241 2.59403 0.378351 0.298096
436 1.28326 0.801857 0.632583 4.61743 4.81131
437 1.12775 1.76788 3.63779 5.83773 4.31557
438 1.43951 5.54732 0.731048 5.20841 1.97428
439 0.322041 2.20086 1.14197 0.421848 3.07693
440 0.232143 1.82273 2.06199 2.89881 2.54742
441 1.56632 2.16345 5.03923 0.91916 4.15695
442 0.293296 1.06509 0.401376 3.91783 0.847564
443 1.54954 4.92352 1.3483 1.00331 3.72642
444 1.72853 0.986143 5.12577 2.86609 5.6835
445 0.842939 1.60152 1.85328 5.56646 0.916396
446 1.57699 0.55055 3.75608 2.69976 4.66854
447 0.49477 0.843328 1.72919 2.43529 4.61918
448 0.745657 3.45436 1.44871 5.94346 0.139629
449 0.455005 0.616132 4.38944 2.07427 0.32085
450 1.25944 0.950793 1.42605 5.27068 0.575055
451 1.56444 1.44469 0.465112 2.46663 5.12485
452 1.73054 2.20249 0.799963 1.36166 5.43466
453 0.988247 0.178399 3.37759 2.84263 2.09369
454 0.100151 2.24151 0.901272 4.16499 1.74048
455 0.0494069 1.94613 5.87468 2.50073 1.34719
456 0.834009 5.45977 0.755138 3.20292 3.12124
457 1.20307 5.32414 3.07626 0.892694 4.36895
458 1.48484 1.22303 4.39644 2.34042 0.0893766
459 0.578561 1.44134 0.248701 2.58329 2.5291
460 1.81328 0.514308 1.85694 1.50951 1.16143
461 1.62111 2.1048 2.73396 5.5418 4.19971
462 1.68874 1.10345 2.4376 2.63294 2.51541
463 1.57649 0.585456 1.36056 5.03788 2.61045
464 0.0581885 0.802723 3.01627 1.43012 3.64901
465 0.962938 0.369836 1.56636 5.4001 1.27261
466 1.56874 1.3615 5.44627 1.08444 3.34633
467 1.69262 2.62855 0.600863 4.98546 2.25476
468 1.08045 2.43099 5.09342 1.38195 1.38873
469 0.795694 2.91739 1.45047 6.15796 6.15961
470 1.01223 5.90415 1.65012 1.37551 0.693605
471 1.76528 1.18715 2.53068 1.52205 1.47205
472 1.77206 5.21407 1.6004 1.49029 0.02294
473 0.525042 3.38882 0.858858 6.2277 2.00784
474 1.76124 2.36861 5.41828 1.00993 5.42501
475 0.75981 2.22474 1.15381 4.5612 4.1877
476 0.484986 6.00027 2.18284 0.885062 4.11327
477 0.883803 1.39093 0.966819 5.69855 2.35181
478 1.30152 3.12612 4.42959 1.49945 1.31275
479 0.818837 0.106362 1.86914 3.55725 5.37063
480 1.59039 1.03784 5.09274 5.40602 1.03091
481 1.86314 3.07902 1.01524 1.55957 6.25394
482 1.27202 2.32422 5.82071 2.46965 3.16739
483 1.62201 1.35447 1.25701 1.29534 6.00887
484 1.51744 1.64334 0.920053 1.83196 6.25203
485 1.73109 2.62417 0.444195 2.05022 4.35006
486 0.919082 1.38954 0.896621 0.49751 4.16708
487 0.420784 0.727148 1.14808 4.41149 4.65611
488 1.66717 5.96827 0.716754 2.30336 0.984267
489 1.49013 5.31264 1.59168 5.16556 1.90194
490 0.950269 5.75462 0.780422 3.65295 2.41455
491 0.103389 1.68669 1.73996 2.82092 4.10279
492 1.47684 1.02057 4.36903 0.869693 3.50975
493 1.69588 1.70867 4.43495 0.0782252 2.17999
494 1.25801 4.06255 1.18311 2.78884 3.93532
495 1.46059 5.50656 2.52316 0.83413 3.06292
496 1.05916 1.78964 2.78927 2.6132 5.13436
497 1.21995 0.732904 2.6575 6.05596 2.91626
498 0.411532 1.56089 1.71303 4.17405 4.16731
499 1.40659 6.27344 2.53428 0.725873 2.46088
EDGES
0 4
0 5
0 15
0 32
0 66
0 119
0 253
0 288
0 298
0 345
0 360
0 373
0 460
1 21
1 34
1 187
1 321
2 4
2 6
2 9
2 13
2 15
2 25
2 37
2 71
2 94
2 96
2 144
2 149
2 169
2 467
3 5
3 11
3 99
3 307
4 5
4 7
4 20
4 39
4 119
4 131
4 139
4 140
4 156
4 219
4 271
4 439
5 7
5 8
5 58
5 154
6 13
6 340
6 363
6 374
7 8
7 20
7 36
7 42
7 50
7 58
7 63
7 180
7 278
7 300
7 342
7 346
8 13
8 18
8 24
8 29
8 44
8 45
8 57
8 63
8 69
8 73
8 79
8 97
8 129
8 175
8 286
9 15
9 27
9 55
9 56
9 78
9 108
9 334
9 384
9 463
10 26
10 41
10 67
10 75
10 109
10 161
10 193
10 214
10 432
10 495
11 82
11 307
12 83
12 246
13 18
13 363
14 16
14 23
14 59
14 87
15 25
15 37
15 55
15 66
15 71
15 78
15 243
15 317
15 384
15 463
15 467
15 477
16 23
16 110
16 112
17 172
17 238
17 418
18 24
18 45
18 49
18 106
18 431
20 25
20 32
20 39
20 40
20 102
20 116
20 137
20 165
20 202
20 205
20 260
20 262
20 388
20 393
20 485
21 187
21 321
22 31
22 35
22 49
22 98
22 130
22 267
23 33
23 104
23 209
23 293
23 338
23 394
24 29
24 44
24 45
24 73
24 79
24 80
24 106
24 168
24 175
24 191
24 259
24 272
24 330
24 378
24 390
24 458
24 468
25 37
25 46
25 62
25 94
25 96
25 120
25 121
25 126
25 146
25 149
25 171
25 280
25 454
26 41
26 75
26 109
26 193
26 251
26 435
27 56
27 108
27 122
27 197
28 34
28 124
28 127
28 204
28 365
29 73
29 97
29 142
29 168
29 324
29 358
29 493
31 35
31 49
31 76
31 88
31 160
31 201
31 255
31 295
31 424
32 46
32 123
32 202
32 388
33 110
33 252
34 78
34 127
34 204
34 225
34 274
34 366
34 421
35 49
35 98
35 130
35 133
35 163
35 235
35 282
35 303
35 441
35 466
36 48
36 76
36 207
36 411
37 55
37 71
37 107
37 121
37 169
37 269
37 276
37 450
39 156
39 299
39 401
40 92
40 116
40 125
40 128
40 135
40 166
40 182
40 414
41 67
41 75
41 109
41 161
41 214
41 350
42 254
42 367
43 158
43 352
43 438
44 45
44 69
44 129
44 164
44 181
44 272
44 286
44 354
44 412
45 80
45 191
45 291
45 390
45 458
46 123
46 171
46 226
46 232
46 279
46 364
47 206
48 50
48 61
48 128
48 301
48 302
48 398
49 130
49 367
49 372
49 482
50 61
50 99
50 346
50 398
51 60
51 74
51 86
52 53
52 93
52 101
52 230
53 68
53 115
54 72
55 71
55 107
55 145
55 249
55 289
55 384
55 463
56 334
56 477
57 102
57 205
57 226
57 244
57 264
58 135
58 180
58 402
58 403
59 72
59 87
59 216
59 305
60 74
60 86
60 103
60 236
60 320
60 339
60 341
61 99
61 301
61 346
61 398
62 231
63 69
63 213
63 218
63 228
63 244
63 264
63 342
63 462
64 136
64 229
65 199
65 263
66 100
66 120
66 317
66 335
66 391
67 74
67 86
67 313
67 329
67 332
67 443
68 81
68 115
69 91
69 97
69 218
69 228
69 265
69 359
69 412
69 492
70 220
71 120
71 169
71 276
71 312
71 384
72 294
72 487
73 131
73 142
73 273
74 86
74 103
74 153
74 211
74 236
74 258
74 290
74 320
74 339
75 109
75 161
75 193
75 251
75 257
75 350
76 88
76 160
76 178
76 255
76 285
76 407
77 422
78 117
78 176
78 225
78 334
78 477
79 106
79 168
79 191
80 138
81 101
83 246
84 192
84 223
85 309
85 464
86 103
86 211
86 236
86 320
86 341
87 216
87 294
87 347
88 160
88 178
88 255
88 423
88 444
89 116
89 137
89 165
89 174
89 318
89 322
89 451
89 452
90 221
90 304
90 404
91 129
91 164
92 125
92 154
92 337
92 419
92 486
93 101
93 323
94 107
94 144
94 173
94 231
95 451
96 146
96 171
97 129
97 265
97 268
97 493
98 130
98 133
98 163
98 235
98 295
98 466
100 141
100 198
100 380
100 391
100 459
101 230
101 476
102 134
102 137
102 205
102 260
102 357
102 393
103 211
103 236
103 341
106 203
106 330
106 383
106 431
106 455
107 145
107 249
107 289
107 385
107 395
107 445
108 122
108 197
108 469
109 193
109 495
109 499
110 234
110 252
111 422
112 157
112 353
113 114
113 172
114 172
115 348
116 137
116 165
116 237
116 318
116 322
116 410
116 429
117 122
117 176
117 242
117 437
119 131
119 140
119 219
119 298
119 345
119 360
120 121
120 126
120 181
120 248
120 317
120 335
121 126
121 276
122 143
122 148
122 433
122 434
123 162
123 279
124 192
124 365
124 396
125 182
125 486
126 171
126 312
126 454
127 204
127 274
128 135
128 302
128 481
129 175
129 265
129 268
129 286
129 400
131 140
131 142
131 219
131 273
131 309
133 163
133 235
133 282
133 303
133 466
134 226
134 357
135 414
135 481
136 229
137 165
137 318
137 485
138 392
138 426
139 166
139 194
139 271
139 311
140 219
140 439
141 146
141 467
142 273
142 324
143 148
143 185
143 237
143 389
144 149
144 152
144 169
144 173
144 385
144 395
144 397
144 445
145 176
145 249
145 289
145 405
145 413
145 427
146 152
146 159
146 215
146 428
147 487
148 185
148 190
148 237
148 250
148 296
148 433
148 475
149 173
149 397
150 243
150 356
151 457
151 476
152 215
152 428
154 419
155 409
155 416
155 489
156 299
156 401
157 293
157 353
159 387
160 178
160 326
160 407
161 177
161 208
161 214
161 328
161 416
163 168
163 282
163 371
164 272
164 291
164 426
165 318
165 485
166 194
166 311
166 382
168 175
168 191
168 371
168 378
168 468
169 276
170 281
171 312
171 314
171 357
171 364
172 238
172 418
173 385
173 395
173 397
173 445
174 198
174 209
174 245
174 292
174 315
174 322
174 451
174 491
175 400
176 204
176 249
176 405
176 413
176 497
177 208
177 214
177 261
177 328
178 255
178 386
178 406
178 407
178 441
178 474
179 184
179 261
179 277
179 490
180 207
180 402
180 403
181 248
181 269
182 278
184 261
184 277
184 351
184 352
184 456
184 490
185 237
185 296
185 389
187 207
187 396
188 200
189 270
189 308
189 399
190 199
190 245
190 250
190 263
190 475
191 203
191 259
191 291
191 330
191 378
191 390
192 223
192 379
193 435
193 499
195 241
195 242
195 287
195 343
196 222
196 246
196 285
196 444
197 436
198 209
198 213
198 380
199 245
199 250
199 263
199 436
201 240
202 388
202 393
202 459
203 330
203 383
204 274
204 365
204 396
204 421
205 244
205 260
205 415
206 438
207 285
207 300
207 302
207 336
207 403
207 407
207 446
207 496
208 251
208 257
208 472
209 213
210 362
211 320
211 457
213 244
213 292
213 380
213 440
213 491
214 275
214 350
215 229
215 428
216 305
216 347
217 418
218 228
218 359
218 462
220 333
221 304
222 283
222 319
223 365
224 321
225 334
225 434
225 461
226 232
226 325
226 354
227 394
228 300
228 359
229 428
230 476
232 325
233 267
233 371
234 252
236 258
236 290
237 296
237 389
237 410
237 429
238 416
238 418
242 287
242 343
244 264
244 387
244 440
245 250
245 292
245 315
245 475
245 498
247 295
248 269
248 460
249 289
249 306
249 361
249 405
249 413
250 296
250 433
250 475
251 257
251 435
251 472
253 373
255 327
255 331
255 349
255 406
255 423
255 424
257 472
258 290
259 272
259 379
260 357
260 388
261 277
261 351
262 278
262 311
262 439
263 436
264 286
265 268
265 303
265 492
265 493
266 473
270 308
270 340
272 291
272 458
273 324
273 358
274 366
275 350
276 314
276 450
278 311
278 439
282 371
282 372
285 326
285 444
286 354
286 412
286 462
286 471
287 343
288 345
288 373
289 306
289 413
291 390
291 458
292 366
292 491
293 394
293 447
295 316
298 345
298 360
299 325
300 359
301 302
301 398
302 336
303 466
303 492
303 493
304 404
306 361
308 340
310 465
312 314
312 335
313 332
313 432
315 389
317 335
317 387
318 429
318 485
320 339
320 341
321 362
322 410
322 451
323 348
324 358
327 331
327 349
329 332
329 443
329 457
330 383
331 349
331 423
332 432
332 495
332 499
334 434
335 459
337 419
337 486
338 479
345 400
345 460
345 471
347 447
349 424
351 456
351 490
360 415
361 399
363 374
364 373
366 421
367 372
369 394
371 468
372 417
372 482
375 399
375 427
375 480
378 468
383 431
384 463
385 395
386 441
386 474
387 440
387 454
388 393
388 419
390 431
392 426
394 447
399 480
400 460
400 471
402 452
403 496
404 425
405 427
405 437
405 497
406 424
409 489
412 453
413 427
413 497
414 481
421 461
422 442
423 444
431 455
432 495
433 434
434 461
441 474
445 450
451 452
452 481
456 490
460 471
463 477
466 492
475 498
483 484
495 499
