DOFS 5
NODES 35
0 1.57 0.78 1.57 0.78 1.57
1 1.39291 1.26778 1.80507 1.30841 2.19947
2 1.21581 1.75557 2.04015 1.83681 2.82894
3 1.03872 2.24335 2.27522 2.36522 3.4584
4 0.837718 1.48769 1.83826 1.9875 3.25492
5 0.574219 1.60925 1.56673 1.37874 3.94155
6 1.47671 0.622865 2.52026 0.78395 1.31781
7 0.929013 2.97007 1.89643 2.2001 2.92072
8 1.27235 1.07224 1.70671 2.77518 3.2825
9 0.803299 1.4806 2.13393 0.765273 2.53228
10 0.913291 0.91764 1.35701 1.3933 4.54364
11 0.973577 1.14396 1.50574 3.29114 4.05644
12 1.45128 0.97337 2.17039 3.41854 2.70866
13 1.47676 1.47667 2.72221 0.584153 2.94162
14 0.813882 1.04144 1.43938 4.21644 4.378
15 0.866339 1.92157 1.72347 4.48686 4.64026
16 1.1782 1.67368 3.33971 0.455723 3.63028
17 0.924994 1.74435 1.28739 1.51447 1.70603
18 1.45589 2.49757 2.11735 4.74972 4.32976
19 1.3761 2.13593 0.947082 2.22982 1.581
20 1.74193 1.38708 4.00458 0.849179 3.68684
21 0.564331 1.29912 2.20335 4.53452 5.17766
22 1.04209 1.07522 1.9643 4.92541 3.96739
23 1.72639 1.8068 4.14176 1.49002 4.31461
24 1.49836 1.25827 2.42906 3.79264 1.86619
25 1.47168 2.20532 2.60907 1.82129 2.18992
26 1.18869 2.32281 2.44513 0.980264 1.77529
27 1.85763 0.841033 1.78593 5.14162 3.51852
28 0.392 2.35 3.14 2.82 4.71
29 0.78053 2.9545 2.61794 3.13559 4.37611
30 0.467794 1.88781 2.72805 3.57407 4.91568
31 0.946791 2.55521 3.81087 2.50547 5.02796
32 1.70041 2.50841 4.37108 2.56126 5.364
33 0.94951 1.525 2.40151 4.11738 4.43143
34 1.43123 1.16218 2.07497 4.66069 3.94717
EDGES
0 1
1 2
2 3
2 4
4 5
0 6
3 7
4 8
1 9
5 10
8 11
8 12
9 13
11 14
14 15
13 16
1 17
15 18
17 19
16 20
15 21
14 22
20 23
12 24
2 25
25 26
22 27
28 29
28 30
28 31
31 32
30 33
33 34
