DOFS 5
NODES 13
0 1.57 1.57 1.57 1.57 1.57
1 0.959791 1.51874 1.78709 0.937028 1.99099
2 1.75946 2.05992 2.02244 2.21632 1.88883
3 1.47852 1.11546 1.07692 2.00262 0.974405
4 1.05964 1.45019 1.63621 2.36479 0.456225
5 0.640758 1.78492 2.19551 2.72697 6.22123
6 0.565903 0.988209 1.61058 0.309771 1.61847
7 0.392 2.35 3.14 2.82 4.71
8 0.0987059 2.21808 2.91926 3.19564 5.55068
9 0.211035 1.92238 2.60461 2.50179 6.11593
10 0.323364 1.62668 2.28996 1.80793 0.397991
11 0.435693 1.33098 1.97531 1.11408 0.963239
12 0.548022 1.03528 1.66066 0.420222 1.52849
EDGES
0 1
0 2
0 3
3 4
4 5
1 6
7 8
8 9
9 10
10 11
11 12
